180304101 zhangsan 1 430101199003074274 123 122  111
180304102 zhengsheng 1 530101199003076755 111 98 100
180304103 wuxin 1 190101199003070273 101 102 140
180304104 zhangya 1  110101199003070935 98 97 136
180304105 liesi 1 15010119900307539X 109 98 127
180304106 lilei 1 110401199003073351 100 100 100
180304207 wangqi 2  410101199003070679 95 80 150
180304208 lizhaode 2 530101199003075381 100 100 102
180304209 wangzhao 2  610101199003076464 98 91 140
180304210 lisan 2 	430101199003072287 140 91 108
180304311 kanhan 3 430101199003073925 101 102 103
180304312 gonwu 3 430101199003072244 100 100 100
180304313 liming 3 430101199003076368 107 90 80
180304314 lileilei 3 430101199003071583 100 150 91
180304315 jibai 3 310102199003071778 99 117 120
